
 sample_* : sample data

  - The number of total data is 27.  21 for k-inf and 6 for Number density (ND)

  - k-inf at 21 different burnup points.
    (0, 0.1, 1.0, 2.5, 5.0, 7.5, 10.0, ..., 40.0, 42.5, 45.0 GWD/t)

  - ND of Pu-239 at 5 GWD/t
  - ND of Pu-239 at 40 GWD/t
  - ND of Pu-240 at 20 GWD/t
  - ND of Pu-242 at 10 GWD/t
  - ND of Pu-242 at 30 GWD/t
  - ND of Pu-242 at 40 GWD/t

----------------------------------------------------------------------

 Mockup data information

  - Average of the six NDs:

    4.49744899e-05
    1.33383018e-04
    2.56027578e-05
    2.71147429e-07
    6.49280897e-06
    1.27414263e-05

  - Relative covariance of the six NDs:

*0*2.244672e-04:3.364721e-04:1.855985e-04:1.356858e-04:3.670644e-05:9.526347e-06:
*1*3.364721e-04:5.249082e-04:2.267402e-04:3.654128e-04:1.815298e-04:1.305360e-04:
*2*1.855985e-04:2.267402e-04:9.318286e-04:-5.302937e-04:-2.773227e-04:-2.101825e-04:
*3*1.356858e-04:3.654128e-04:-5.302937e-04:1.050796e-02:9.119386e-03:8.711445e-03:
*4*3.670644e-05:1.815298e-04:-2.773227e-04:9.119386e-03:8.167954e-03:7.881942e-03:
*5*9.526347e-06:1.305360e-04:-2.101825e-04:8.711445e-03:7.881942e-03:7.632769e-03:

  - Relative variance of the six NDs:

0  1.498223e-02
1  2.291088e-02
2  3.052587e-02
3  1.025084e-01
4  9.037673e-02
5  8.736572e-02

  - Correlation matrix of the six NDs:

*0*1.000000e+00:9.802367e-01:4.058168e-01:8.834840e-02:2.710873e-02:7.277948e-03:
*1*9.802367e-01:1.000000e+00:3.242044e-01:1.555904e-01:8.766973e-02:6.521501e-02:
*2*4.058168e-01:3.242044e-01:1.000000e+00:-1.694686e-01:-1.005219e-01:-7.881113e-02:
*3*8.834840e-02:1.555904e-01:-1.694686e-01:1.000000e+00:9.843504e-01:9.727245e-01:
*4*2.710873e-02:8.766973e-02:-1.005219e-01:9.843504e-01:1.000000e+00:9.982414e-01:
*5*7.277948e-03:6.521501e-02:-7.881113e-02:9.727245e-01:9.982414e-01:1.000000e+00:




